(kicad_pcb (version 20171130) (host pcbnew "(5.1.4-0-10_14)")

  (general
    (thickness 1.6)
    (drawings 4)
    (tracks 2195)
    (zones 0)
    (modules 169)
    (nets 199)
  )

  (page A3)
  (layers
    (0 F.Cu signal)
    (31 B.Cu signal)
    (32 B.Adhes user hide)
    (33 F.Adhes user hide)
    (34 B.Paste user hide)
    (35 F.Paste user hide)
    (36 B.SilkS user hide)
    (37 F.SilkS user hide)
    (38 B.Mask user hide)
    (39 F.Mask user hide)
    (40 Dwgs.User user)
    (41 Cmts.User user)
    (42 Eco1.User user)
    (43 Eco2.User user)
    (44 Edge.Cuts user)
    (45 Margin user)
    (46 B.CrtYd user)
    (47 F.CrtYd user)
    (48 B.Fab user hide)
    (49 F.Fab user hide)
  )

  (setup
    (last_trace_width 0.22)
    (user_trace_width 0.2)
    (user_trace_width 0.25)
    (user_trace_width 0.3)
    (user_trace_width 0.35)
    (user_trace_width 0.4)
    (user_trace_width 0.45)
    (user_trace_width 0.5)
    (user_trace_width 0.7)
    (user_trace_width 1)
    (trace_clearance 0.16)
    (zone_clearance 0.2)
    (zone_45_only yes)
    (trace_min 0.16)
    (via_size 0.686)
    (via_drill 0.33)
    (via_min_size 0.686)
    (via_min_drill 0.33)
    (uvia_size 0.508)
    (uvia_drill 0.127)
    (uvias_allowed no)
    (uvia_min_size 0.508)
    (uvia_min_drill 0.127)
    (edge_width 0.1)
    (segment_width 0.2)
    (pcb_text_width 0.3)
    (pcb_text_size 1.5 1.5)
    (mod_edge_width 0.15)
    (mod_text_size 1 1)
    (mod_text_width 0.15)
    (pad_size 4.064 4.064)
    (pad_drill 3.048)
    (pad_to_mask_clearance 0)
    (solder_mask_min_width 0.25)
    (aux_axis_origin 0 0)
    (visible_elements 7FFFFFFF)
    (pcbplotparams
      (layerselection 0x010fc_ffffffff)
      (usegerberextensions true)
      (usegerberattributes false)
      (usegerberadvancedattributes false)
      (creategerberjobfile false)
      (excludeedgelayer true)
      (linewidth 0.150000)
      (plotframeref false)
      (viasonmask false)
      (mode 1)
      (useauxorigin false)
      (hpglpennumber 1)
      (hpglpenspeed 20)
      (hpglpendiameter 15.000000)
      (psnegative false)
      (psa4output false)
      (plotreference true)
      (plotvalue true)
      (plotinvisibletext false)
      (padsonsilk false)
      (subtractmaskfromsilk true)
      (outputformat 1)
      (mirror false)
      (drillshape 0)
      (scaleselection 1)
      (outputdirectory "gerber/"))
  )

  (net 0 "")
  (net 1 /fpga1/ASDO)
  (net 2 /fpga1/DATA0)
  (net 3 /fpga1/DCLK)
  (net 4 /fpga1/HDMITX_HSYNC)
  (net 5 /fpga1/HDMITX_INT_N)
  (net 6 /fpga1/HDMITX_PCLK)
  (net 7 /fpga1/HDMITX_R0)
  (net 8 /fpga1/HDMITX_R1)
  (net 9 /fpga1/HDMITX_R2)
  (net 10 /fpga1/HDMITX_R3)
  (net 11 /fpga1/HDMITX_R4)
  (net 12 /fpga1/HDMITX_R5)
  (net 13 /fpga1/HDMITX_R6)
  (net 14 /fpga1/HDMITX_R7)
  (net 15 /fpga1/HDMITX_VSYNC)
  (net 16 /fpga1/SCL)
  (net 17 /fpga1/SDA)
  (net 18 /fpga1/TCK)
  (net 19 /fpga1/TDI)
  (net 20 /fpga1/TDO)
  (net 21 /fpga1/TMS)
  (net 22 /fpga1/VCCA)
  (net 23 /fpga1/VCCD_PLL)
  (net 24 /fpga1/VCCINT)
  (net 25 /fpga1/nCSO)
  (net 26 /hdmitx1/AVCC1V8)
  (net 27 /hdmitx1/AVDD3V3)
  (net 28 /hdmitx1/B0)
  (net 29 /hdmitx1/B1)
  (net 30 /hdmitx1/B2)
  (net 31 /hdmitx1/B3)
  (net 32 /hdmitx1/B4)
  (net 33 /hdmitx1/B5)
  (net 34 /hdmitx1/B6)
  (net 35 /hdmitx1/B7)
  (net 36 /hdmitx1/DDC_SCL)
  (net 37 /hdmitx1/DDC_SDA)
  (net 38 /hdmitx1/DE)
  (net 39 /hdmitx1/DVDD1V8)
  (net 40 /hdmitx1/DVDD3V3)
  (net 41 /hdmitx1/G0)
  (net 42 /hdmitx1/G1)
  (net 43 /hdmitx1/G2)
  (net 44 /hdmitx1/G3)
  (net 45 /hdmitx1/G4)
  (net 46 /hdmitx1/G5)
  (net 47 /hdmitx1/G6)
  (net 48 /hdmitx1/G7)
  (net 49 /hdmitx1/HPD)
  (net 50 /hdmitx1/TMDS_CLK+)
  (net 51 /hdmitx1/TMDS_CLK-)
  (net 52 /hdmitx1/TMDS_D0+)
  (net 53 /hdmitx1/TMDS_D0-)
  (net 54 /hdmitx1/TMDS_D1+)
  (net 55 /hdmitx1/TMDS_D1-)
  (net 56 /hdmitx1/TMDS_D2+)
  (net 57 /hdmitx1/TMDS_D2-)
  (net 58 /tvp_board1/AVDD)
  (net 59 /tvp_board1/B0)
  (net 60 /tvp_board1/B1)
  (net 61 /tvp_board1/B2)
  (net 62 /tvp_board1/B3)
  (net 63 /tvp_board1/B4)
  (net 64 /tvp_board1/B5)
  (net 65 /tvp_board1/B6)
  (net 66 /tvp_board1/B7)
  (net 67 /tvp_board1/DVDD)
  (net 68 /tvp_board1/FID)
  (net 69 /tvp_board1/G0)
  (net 70 /tvp_board1/G1)
  (net 71 /tvp_board1/G2)
  (net 72 /tvp_board1/G3)
  (net 73 /tvp_board1/G4)
  (net 74 /tvp_board1/G5)
  (net 75 /tvp_board1/G6)
  (net 76 /tvp_board1/G7)
  (net 77 /tvp_board1/HSYNC)
  (net 78 /tvp_board1/PCLK)
  (net 79 /tvp_board1/R0)
  (net 80 /tvp_board1/R1)
  (net 81 /tvp_board1/R2)
  (net 82 /tvp_board1/R3)
  (net 83 /tvp_board1/R4)
  (net 84 /tvp_board1/R5)
  (net 85 /tvp_board1/R6)
  (net 86 /tvp_board1/R7)
  (net 87 /tvp_board1/VSYNC)
  (net 88 GND)
  (net 89 "Net-(C1-Pad2)")
  (net 90 "Net-(C2-Pad2)")
  (net 91 "Net-(C11-Pad2)")
  (net 92 "Net-(C13-Pad2)")
  (net 93 "Net-(C15-Pad2)")
  (net 94 "Net-(C16-Pad2)")
  (net 95 "Net-(C17-Pad2)")
  (net 96 "Net-(C19-Pad1)")
  (net 97 "Net-(C19-Pad2)")
  (net 98 "Net-(C20-Pad2)")
  (net 99 "Net-(C24-Pad1)")
  (net 100 "Net-(C25-Pad1)")
  (net 101 "Net-(C74-Pad1)")
  (net 102 "Net-(C77-Pad1)")
  (net 103 "Net-(C80-Pad1)")
  (net 104 "Net-(P1-Pad6)")
  (net 105 "Net-(P1-Pad8)")
  (net 106 "Net-(R11-Pad2)")
  (net 107 "Net-(R16-Pad2)")
  (net 108 "Net-(R24-Pad1)")
  (net 109 "Net-(R25-Pad1)")
  (net 110 "Net-(R26-Pad1)")
  (net 111 "Net-(U1-Pad25)")
  (net 112 "Net-(U1-Pad37)")
  (net 113 "Net-(U1-Pad38)")
  (net 114 "Net-(U1-Pad51)")
  (net 115 "Net-(U1-Pad52)")
  (net 116 "Net-(U1-Pad64)")
  (net 117 "Net-(U1-Pad65)")
  (net 118 "Net-(D1-Pad1)")
  (net 119 "Net-(P1-Pad7)")
  (net 120 "Net-(U3-Pad45)")
  (net 121 "Net-(Y1-Pad1)")
  (net 122 /fpga1/CLK27)
  (net 123 "Net-(R17-Pad1)")
  (net 124 "Net-(R18-Pad2)")
  (net 125 "Net-(R19-Pad1)")
  (net 126 "Net-(R23-Pad2)")
  (net 127 "Net-(C76-Pad2)")
  (net 128 "Net-(C100-Pad2)")
  (net 129 "Net-(C103-Pad2)")
  (net 130 "Net-(C104-Pad2)")
  (net 131 "Net-(C105-Pad2)")
  (net 132 /tvp_board1/RGB3_VS)
  (net 133 /tvp_board1/RGB3_VS_B)
  (net 134 /tvp_board1/RGB3_HS_B)
  (net 135 "Net-(C106-Pad1)")
  (net 136 /fpga1/BTN0)
  (net 137 "Net-(C23-Pad1)")
  (net 138 /tvp_board1/AVDD_F)
  (net 139 /fpga1/RESET_N)
  (net 140 /hdmitx1/5V)
  (net 141 "Net-(MH1-Pad1)")
  (net 142 "Net-(MH2-Pad1)")
  (net 143 "Net-(MH3-Pad1)")
  (net 144 "Net-(MH4-Pad1)")
  (net 145 /hdmitx1/5V_FUSED)
  (net 146 /hdmitx1/I2S_DATA)
  (net 147 /hdmitx1/I2S_BCK)
  (net 148 /soundbox/RED_OUT)
  (net 149 /soundbox/BLUE_OUT)
  (net 150 "Net-(C13-Pad1)")
  (net 151 /soundbox/GREEN_OUT)
  (net 152 "Net-(F4-Pad1)")
  (net 153 "Net-(F4-Pad2)")
  (net 154 "Net-(J1-Pad13)")
  (net 155 "Net-(J1-Pad14)")
  (net 156 /soundbox/HS_OUT)
  (net 157 "Net-(C4-Pad1)")
  (net 158 "Net-(U11-Pad4)")
  (net 159 "Net-(C3-Pad1)")
  (net 160 "Net-(J4-Pad1)")
  (net 161 "Net-(J4-Pad3)")
  (net 162 "Net-(J4-Pad2)")
  (net 163 "Net-(U17-Pad3)")
  (net 164 "Net-(U17-Pad1)")
  (net 165 "Net-(J2-Pad2)")
  (net 166 "Net-(J2-Pad3)")
  (net 167 "Net-(J3-Pad2)")
  (net 168 "Net-(J3-Pad3)")
  (net 169 "Net-(J21-Pad2)")
  (net 170 "Net-(R9-Pad2)")
  (net 171 "Net-(U18-Pad3)")
  (net 172 /hdmitx1/I2S_MCLK)
  (net 173 /hdmitx1/I2S_LRCK)
  (net 174 "Net-(U2-Pad88)")
  (net 175 /fpga1/SPDIF_OUT)
  (net 176 /fpga1/MonCLKin)
  (net 177 /fpga1/ToMon)
  (net 178 /fpga1/FromMon)
  (net 179 /fpga1/MC_SS)
  (net 180 /fpga1/MC_MOSI)
  (net 181 /fpga1/MC_MISO)
  (net 182 /fpga1/MC_SCK)
  (net 183 /fpga1/AudioOut_MCLK)
  (net 184 /fpga1/AudioOut_BCK)
  (net 185 /fpga1/AudioOut_LRCK)
  (net 186 /fpga1/AudioOut_Data)
  (net 187 /fpga1/Mic_Data)
  (net 188 /fpga1/Mic_LRCK)
  (net 189 /fpga1/Mic_BCLK)
  (net 190 /soundbox/ADB)
  (net 191 "Net-(J21-Pad1)")
  (net 192 /soundbox/PWR_ONOFF)
  (net 193 /soundbox/MON_CLK)
  (net 194 "Net-(R6-Pad1)")
  (net 195 /soundbox/MON_OUT)
  (net 196 "Net-(R7-Pad1)")
  (net 197 /soundbox/MON_IN)
  (net 198 "Net-(R8-Pad1)")

  (net_class Default "This is the default net class."
    (clearance 0.16)
    (trace_width 0.22)
    (via_dia 0.686)
    (via_drill 0.33)
    (uvia_dia 0.508)
    (uvia_drill 0.127)
    (add_net /fpga1/AudioOut_BCK)
    (add_net /fpga1/AudioOut_Data)
    (add_net /fpga1/AudioOut_LRCK)
    (add_net /fpga1/AudioOut_MCLK)
    (add_net /fpga1/BTN0)
    (add_net /fpga1/CLK27)
    (add_net /fpga1/FromMon)
    (add_net /fpga1/MC_MISO)
    (add_net /fpga1/MC_MOSI)
    (add_net /fpga1/MC_SCK)
    (add_net /fpga1/MC_SS)
    (add_net /fpga1/Mic_BCLK)
    (add_net /fpga1/Mic_Data)
    (add_net /fpga1/Mic_LRCK)
    (add_net /fpga1/MonCLKin)
    (add_net /fpga1/RESET_N)
    (add_net /fpga1/SPDIF_OUT)
    (add_net /fpga1/TCK)
    (add_net /fpga1/TDI)
    (add_net /fpga1/TDO)
    (add_net /fpga1/TMS)
    (add_net /fpga1/ToMon)
    (add_net /hdmitx1/5V)
    (add_net /hdmitx1/5V_FUSED)
    (add_net /hdmitx1/DDC_SCL)
    (add_net /hdmitx1/DDC_SDA)
    (add_net /hdmitx1/HPD)
    (add_net /hdmitx1/I2S_BCK)
    (add_net /hdmitx1/I2S_DATA)
    (add_net /hdmitx1/I2S_LRCK)
    (add_net /hdmitx1/I2S_MCLK)
    (add_net /soundbox/ADB)
    (add_net /soundbox/BLUE_OUT)
    (add_net /soundbox/GREEN_OUT)
    (add_net /soundbox/HS_OUT)
    (add_net /soundbox/MON_CLK)
    (add_net /soundbox/MON_IN)
    (add_net /soundbox/MON_OUT)
    (add_net /soundbox/PWR_ONOFF)
    (add_net /soundbox/RED_OUT)
    (add_net /tvp_board1/AVDD_F)
    (add_net /tvp_board1/RGB3_HS_B)
    (add_net /tvp_board1/RGB3_VS)
    (add_net /tvp_board1/RGB3_VS_B)
    (add_net "Net-(C1-Pad2)")
    (add_net "Net-(C100-Pad2)")
    (add_net "Net-(C103-Pad2)")
    (add_net "Net-(C104-Pad2)")
    (add_net "Net-(C105-Pad2)")
    (add_net "Net-(C106-Pad1)")
    (add_net "Net-(C11-Pad2)")
    (add_net "Net-(C13-Pad1)")
    (add_net "Net-(C13-Pad2)")
    (add_net "Net-(C15-Pad2)")
    (add_net "Net-(C16-Pad2)")
    (add_net "Net-(C17-Pad2)")
    (add_net "Net-(C19-Pad1)")
    (add_net "Net-(C19-Pad2)")
    (add_net "Net-(C2-Pad2)")
    (add_net "Net-(C20-Pad2)")
    (add_net "Net-(C23-Pad1)")
    (add_net "Net-(C24-Pad1)")
    (add_net "Net-(C25-Pad1)")
    (add_net "Net-(C3-Pad1)")
    (add_net "Net-(C4-Pad1)")
    (add_net "Net-(C74-Pad1)")
    (add_net "Net-(C76-Pad2)")
    (add_net "Net-(C77-Pad1)")
    (add_net "Net-(C80-Pad1)")
    (add_net "Net-(D1-Pad1)")
    (add_net "Net-(F4-Pad1)")
    (add_net "Net-(F4-Pad2)")
    (add_net "Net-(J1-Pad13)")
    (add_net "Net-(J1-Pad14)")
    (add_net "Net-(J2-Pad2)")
    (add_net "Net-(J2-Pad3)")
    (add_net "Net-(J21-Pad1)")
    (add_net "Net-(J21-Pad2)")
    (add_net "Net-(J3-Pad2)")
    (add_net "Net-(J3-Pad3)")
    (add_net "Net-(J4-Pad1)")
    (add_net "Net-(J4-Pad2)")
    (add_net "Net-(J4-Pad3)")
    (add_net "Net-(MH1-Pad1)")
    (add_net "Net-(MH2-Pad1)")
    (add_net "Net-(MH3-Pad1)")
    (add_net "Net-(MH4-Pad1)")
    (add_net "Net-(P1-Pad6)")
    (add_net "Net-(P1-Pad7)")
    (add_net "Net-(P1-Pad8)")
    (add_net "Net-(R11-Pad2)")
    (add_net "Net-(R16-Pad2)")
    (add_net "Net-(R17-Pad1)")
    (add_net "Net-(R18-Pad2)")
    (add_net "Net-(R19-Pad1)")
    (add_net "Net-(R23-Pad2)")
    (add_net "Net-(R24-Pad1)")
    (add_net "Net-(R25-Pad1)")
    (add_net "Net-(R26-Pad1)")
    (add_net "Net-(R6-Pad1)")
    (add_net "Net-(R7-Pad1)")
    (add_net "Net-(R8-Pad1)")
    (add_net "Net-(R9-Pad2)")
    (add_net "Net-(U1-Pad25)")
    (add_net "Net-(U1-Pad37)")
    (add_net "Net-(U1-Pad38)")
    (add_net "Net-(U1-Pad51)")
    (add_net "Net-(U1-Pad52)")
    (add_net "Net-(U1-Pad64)")
    (add_net "Net-(U1-Pad65)")
    (add_net "Net-(U11-Pad4)")
    (add_net "Net-(U17-Pad1)")
    (add_net "Net-(U17-Pad3)")
    (add_net "Net-(U18-Pad3)")
    (add_net "Net-(U2-Pad88)")
    (add_net "Net-(U3-Pad45)")
    (add_net "Net-(Y1-Pad1)")
  )

  (net_class 75ohm_vid ""
    (clearance 0.24)
    (trace_width 0.64)
    (via_dia 0.686)
    (via_drill 0.35)
    (uvia_dia 0.508)
    (uvia_drill 0.127)
  )

  (net_class FAT_power ""
    (clearance 0.16)
    (trace_width 1)
    (via_dia 1.5)
    (via_drill 1.1)
    (uvia_dia 0.508)
    (uvia_drill 0.127)
    (add_net /hdmitx1/DVDD3V3)
  )

  (net_class Power ""
    (clearance 0.16)
    (trace_width 0.25)
    (via_dia 0.686)
    (via_drill 0.35)
    (uvia_dia 0.508)
    (uvia_drill 0.127)
    (add_net /fpga1/VCCA)
    (add_net /fpga1/VCCD_PLL)
    (add_net /fpga1/VCCINT)
    (add_net /hdmitx1/AVCC1V8)
    (add_net /hdmitx1/AVDD3V3)
    (add_net /hdmitx1/DVDD1V8)
    (add_net /tvp_board1/AVDD)
    (add_net /tvp_board1/DVDD)
    (add_net GND)
  )

  (net_class digi_hs ""
    (clearance 0.16)
    (trace_width 0.18)
    (via_dia 0.686)
    (via_drill 0.33)
    (uvia_dia 0.508)
    (uvia_drill 0.127)
    (add_net /fpga1/ASDO)
    (add_net /fpga1/DATA0)
    (add_net /fpga1/DCLK)
    (add_net /fpga1/HDMITX_HSYNC)
    (add_net /fpga1/HDMITX_INT_N)
    (add_net /fpga1/HDMITX_PCLK)
    (add_net /fpga1/HDMITX_R0)
    (add_net /fpga1/HDMITX_R1)
    (add_net /fpga1/HDMITX_R2)
    (add_net /fpga1/HDMITX_R3)
    (add_net /fpga1/HDMITX_R4)
    (add_net /fpga1/HDMITX_R5)
    (add_net /fpga1/HDMITX_R6)
    (add_net /fpga1/HDMITX_R7)
    (add_net /fpga1/HDMITX_VSYNC)
    (add_net /fpga1/SCL)
    (add_net /fpga1/SDA)
    (add_net /fpga1/nCSO)
    (add_net /hdmitx1/B0)
    (add_net /hdmitx1/B1)
    (add_net /hdmitx1/B2)
    (add_net /hdmitx1/B3)
    (add_net /hdmitx1/B4)
    (add_net /hdmitx1/B5)
    (add_net /hdmitx1/B6)
    (add_net /hdmitx1/B7)
    (add_net /hdmitx1/DE)
    (add_net /hdmitx1/G0)
    (add_net /hdmitx1/G1)
    (add_net /hdmitx1/G2)
    (add_net /hdmitx1/G3)
    (add_net /hdmitx1/G4)
    (add_net /hdmitx1/G5)
    (add_net /hdmitx1/G6)
    (add_net /hdmitx1/G7)
    (add_net /hdmitx1/TMDS_CLK+)
    (add_net /hdmitx1/TMDS_CLK-)
    (add_net /hdmitx1/TMDS_D0+)
    (add_net /hdmitx1/TMDS_D0-)
    (add_net /hdmitx1/TMDS_D1+)
    (add_net /hdmitx1/TMDS_D1-)
    (add_net /hdmitx1/TMDS_D2+)
    (add_net /hdmitx1/TMDS_D2-)
    (add_net /tvp_board1/B0)
    (add_net /tvp_board1/B1)
    (add_net /tvp_board1/B2)
    (add_net /tvp_board1/B3)
    (add_net /tvp_board1/B4)
    (add_net /tvp_board1/B5)
    (add_net /tvp_board1/B6)
    (add_net /tvp_board1/B7)
    (add_net /tvp_board1/FID)
    (add_net /tvp_board1/G0)
    (add_net /tvp_board1/G1)
    (add_net /tvp_board1/G2)
    (add_net /tvp_board1/G3)
    (add_net /tvp_board1/G4)
    (add_net /tvp_board1/G5)
    (add_net /tvp_board1/G6)
    (add_net /tvp_board1/G7)
    (add_net /tvp_board1/HSYNC)
    (add_net /tvp_board1/PCLK)
    (add_net /tvp_board1/R0)
    (add_net /tvp_board1/R1)
    (add_net /tvp_board1/R2)
    (add_net /tvp_board1/R3)
    (add_net /tvp_board1/R4)
    (add_net /tvp_board1/R5)
    (add_net /tvp_board1/R6)
    (add_net /tvp_board1/R7)
    (add_net /tvp_board1/VSYNC)
  )

  (module Capacitor_SMD:C_0603_1608Metric_Pad1.05x0.95mm_HandSolder (layer B.Cu) (tedit 5B301BBE) (tstamp 5F1D99FA)
    (at 108.7882 62.6237 180)
    (descr "Capacitor SMD 0603 (1608 Metric), square (rectangular) end terminal, IPC_7351 nominal with elongated pad for handsoldering. (Body size source: http://www.tortai-tech.com/upload/download/2011102023233369053.pdf), generated with kicad-footprint-generator")
    (tags "capacitor handsolder")
    (path /54FF6758/5502F84A)
    (attr smd)
    (fp_text reference C88 (at 0 1.43) (layer B.SilkS)
      (effects (font (size 1 1) (thickness 0.15)) (justify mirror))
    )
    (fp_text value 1u (at 0 -1.43) (layer B.Fab)
      (effects (font (size 1 1) (thickness 0.15)) (justify mirror))
    )
    (fp_text user %R (at 0 0) (layer B.Fab)
      (effects (font (size 0.4 0.4) (thickness 0.06)) (justify mirror))
    )
    (fp_line (start 1.65 -0.73) (end -1.65 -0.73) (layer B.CrtYd) (width 0.05))
    (fp_line (start 1.65 0.73) (end 1.65 -0.73) (layer B.CrtYd) (width 0.05))
    (fp_line (start -1.65 0.73) (end 1.65 0.73) (layer B.CrtYd) (width 0.05))
    (fp_line (start -1.65 -0.73) (end -1.65 0.73) (layer B.CrtYd) (width 0.05))
    (fp_line (start -0.171267 -0.51) (end 0.171267 -0.51) (layer B.SilkS) (width 0.12))
    (fp_line (start -0.171267 0.51) (end 0.171267 0.51) (layer B.SilkS) (width 0.12))
    (fp_line (start 0.8 -0.4) (end -0.8 -0.4) (layer B.Fab) (width 0.1))
    (fp_line (start 0.8 0.4) (end 0.8 -0.4) (layer B.Fab) (width 0.1))
    (fp_line (start -0.8 0.4) (end 0.8 0.4) (layer B.Fab) (width 0.1))
    (fp_line (start -0.8 -0.4) (end -0.8 0.4) (layer B.Fab) (width 0.1))
    (pad 2 smd roundrect (at 0.875 0 180) (size 1.05 0.95) (layers B.Cu B.Paste B.Mask) (roundrect_rratio 0.25)
      (net 88 GND))
    (pad 1 smd roundrect (at -0.875 0 180) (size 1.05 0.95) (layers B.Cu B.Paste B.Mask) (roundrect_rratio 0.25)
      (net 40 /hdmitx1/DVDD3V3))
    (model ${KISYS3DMOD}/Capacitor_SMD.3dshapes/C_0603_1608Metric.wrl
      (at (xyz 0 0 0))
      (scale (xyz 1 1 1))
      (rotate (xyz 0 0 0))
    )
  )

  (module Capacitor_SMD:C_0603_1608Metric_Pad1.05x0.95mm_HandSolder (layer B.Cu) (tedit 5B301BBE) (tstamp 5F1D9A1B)
    (at 99.1108 62.6237 180)
    (descr "Capacitor SMD 0603 (1608 Metric), square (rectangular) end terminal, IPC_7351 nominal with elongated pad for handsoldering. (Body size source: http://www.tortai-tech.com/upload/download/2011102023233369053.pdf), generated with kicad-footprint-generator")
    (tags "capacitor handsolder")
    (path /54FF6758/5502F81C)
    (attr smd)
    (fp_text reference C87 (at 0 1.43) (layer B.SilkS)
      (effects (font (size 1 1) (thickness 0.15)) (justify mirror))
    )
    (fp_text value 1u (at 0 -1.43) (layer B.Fab)
      (effects (font (size 1 1) (thickness 0.15)) (justify mirror))
    )
    (fp_text user %R (at 0 0) (layer B.Fab)
      (effects (font (size 0.4 0.4) (thickness 0.06)) (justify mirror))
    )
    (fp_line (start 1.65 -0.73) (end -1.65 -0.73) (layer B.CrtYd) (width 0.05))
    (fp_line (start 1.65 0.73) (end 1.65 -0.73) (layer B.CrtYd) (width 0.05))
    (fp_line (start -1.65 0.73) (end 1.65 0.73) (layer B.CrtYd) (width 0.05))
    (fp_line (start -1.65 -0.73) (end -1.65 0.73) (layer B.CrtYd) (width 0.05))
    (fp_line (start -0.171267 -0.51) (end 0.171267 -0.51) (layer B.SilkS) (width 0.12))
    (fp_line (start -0.171267 0.51) (end 0.171267 0.51) (layer B.SilkS) (width 0.12))
    (fp_line (start 0.8 -0.4) (end -0.8 -0.4) (layer B.Fab) (width 0.1))
    (fp_line (start 0.8 0.4) (end 0.8 -0.4) (layer B.Fab) (width 0.1))
    (fp_line (start -0.8 0.4) (end 0.8 0.4) (layer B.Fab) (width 0.1))
    (fp_line (start -0.8 -0.4) (end -0.8 0.4) (layer B.Fab) (width 0.1))
    (pad 2 smd roundrect (at 0.875 0 180) (size 1.05 0.95) (layers B.Cu B.Paste B.Mask) (roundrect_rratio 0.25)
      (net 88 GND))
    (pad 1 smd roundrect (at -0.875 0 180) (size 1.05 0.95) (layers B.Cu B.Paste B.Mask) (roundrect_rratio 0.25)
      (net 40 /hdmitx1/DVDD3V3))
    (model ${KISYS3DMOD}/Capacitor_SMD.3dshapes/C_0603_1608Metric.wrl
      (at (xyz 0 0 0))
      (scale (xyz 1 1 1))
      (rotate (xyz 0 0 0))
    )
  )

  (module Resistor_SMD:R_0603_1608Metric_Pad1.05x0.95mm_HandSolder (layer F.Cu) (tedit 5B301BBD) (tstamp 5F201976)
    (at 61.0233 73.2701)
    (descr "Resistor SMD 0603 (1608 Metric), square (rectangular) end terminal, IPC_7351 nominal with elongated pad for handsoldering. (Body size source: http://www.tortai-tech.com/upload/download/2011102023233369053.pdf), generated with kicad-footprint-generator")
    (tags "resistor handsolder")
    (path /5F595115/5F6B76A9)
    (attr smd)
    (fp_text reference R8 (at 0 -1.43) (layer F.SilkS)
      (effects (font (size 1 1) (thickness 0.15)))
    )
    (fp_text value R (at 0 1.43) (layer F.Fab)
      (effects (font (size 1 1) (thickness 0.15)))
    )
    (fp_text user %R (at 0 0) (layer F.Fab)
      (effects (font (size 0.4 0.4) (thickness 0.06)))
    )
    (fp_line (start 1.65 0.73) (end -1.65 0.73) (layer F.CrtYd) (width 0.05))
    (fp_line (start 1.65 -0.73) (end 1.65 0.73) (layer F.CrtYd) (width 0.05))
    (fp_line (start -1.65 -0.73) (end 1.65 -0.73) (layer F.CrtYd) (width 0.05))
    (fp_line (start -1.65 0.73) (end -1.65 -0.73) (layer F.CrtYd) (width 0.05))
    (fp_line (start -0.171267 0.51) (end 0.171267 0.51) (layer F.SilkS) (width 0.12))
    (fp_line (start -0.171267 -0.51) (end 0.171267 -0.51) (layer F.SilkS) (width 0.12))
    (fp_line (start 0.8 0.4) (end -0.8 0.4) (layer F.Fab) (width 0.1))
    (fp_line (start 0.8 -0.4) (end 0.8 0.4) (layer F.Fab) (width 0.1))
    (fp_line (start -0.8 -0.4) (end 0.8 -0.4) (layer F.Fab) (width 0.1))
    (fp_line (start -0.8 0.4) (end -0.8 -0.4) (layer F.Fab) (width 0.1))
    (pad 2 smd roundrect (at 0.875 0) (size 1.05 0.95) (layers F.Cu F.Paste F.Mask) (roundrect_rratio 0.25)
      (net 197 /soundbox/MON_IN))
    (pad 1 smd roundrect (at -0.875 0) (size 1.05 0.95) (layers F.Cu F.Paste F.Mask) (roundrect_rratio 0.25)
      (net 198 "Net-(R8-Pad1)"))
    (model ${KISYS3DMOD}/Resistor_SMD.3dshapes/R_0603_1608Metric.wrl
      (at (xyz 0 0 0))
      (scale (xyz 1 1 1))
      (rotate (xyz 0 0 0))
    )
  )

  (module Resistor_SMD:R_0603_1608Metric_Pad1.05x0.95mm_HandSolder (layer F.Cu) (tedit 5B301BBD) (tstamp 5F201965)
    (at 56.9733 73.2701)
    (descr "Resistor SMD 0603 (1608 Metric), square (rectangular) end terminal, IPC_7351 nominal with elongated pad for handsoldering. (Body size source: http://www.tortai-tech.com/upload/download/2011102023233369053.pdf), generated with kicad-footprint-generator")
    (tags "resistor handsolder")
    (path /5F595115/5F6B6D88)
    (attr smd)
    (fp_text reference R7 (at 0 -1.43) (layer F.SilkS)
      (effects (font (size 1 1) (thickness 0.15)))
    )
    (fp_text value R (at 0 1.43) (layer F.Fab)
      (effects (font (size 1 1) (thickness 0.15)))
    )
    (fp_text user %R (at 0 0) (layer F.Fab)
      (effects (font (size 0.4 0.4) (thickness 0.06)))
    )
    (fp_line (start 1.65 0.73) (end -1.65 0.73) (layer F.CrtYd) (width 0.05))
    (fp_line (start 1.65 -0.73) (end 1.65 0.73) (layer F.CrtYd) (width 0.05))
    (fp_line (start -1.65 -0.73) (end 1.65 -0.73) (layer F.CrtYd) (width 0.05))
    (fp_line (start -1.65 0.73) (end -1.65 -0.73) (layer F.CrtYd) (width 0.05))
    (fp_line (start -0.171267 0.51) (end 0.171267 0.51) (layer F.SilkS) (width 0.12))
    (fp_line (start -0.171267 -0.51) (end 0.171267 -0.51) (layer F.SilkS) (width 0.12))
    (fp_line (start 0.8 0.4) (end -0.8 0.4) (layer F.Fab) (width 0.1))
    (fp_line (start 0.8 -0.4) (end 0.8 0.4) (layer F.Fab) (width 0.1))
    (fp_line (start -0.8 -0.4) (end 0.8 -0.4) (layer F.Fab) (width 0.1))
    (fp_line (start -0.8 0.4) (end -0.8 -0.4) (layer F.Fab) (width 0.1))
    (pad 2 smd roundrect (at 0.875 0) (size 1.05 0.95) (layers F.Cu F.Paste F.Mask) (roundrect_rratio 0.25)
      (net 195 /soundbox/MON_OUT))
    (pad 1 smd roundrect (at -0.875 0) (size 1.05 0.95) (layers F.Cu F.Paste F.Mask) (roundrect_rratio 0.25)
      (net 196 "Net-(R7-Pad1)"))
    (model ${KISYS3DMOD}/Resistor_SMD.3dshapes/R_0603_1608Metric.wrl
      (at (xyz 0 0 0))
      (scale (xyz 1 1 1))
      (rotate (xyz 0 0 0))
    )
  )

  (module Resistor_SMD:R_0603_1608Metric_Pad1.05x0.95mm_HandSolder (layer F.Cu) (tedit 5B301BBD) (tstamp 5F20221E)
    (at 51.7137 72.009)
    (descr "Resistor SMD 0603 (1608 Metric), square (rectangular) end terminal, IPC_7351 nominal with elongated pad for handsoldering. (Body size source: http://www.tortai-tech.com/upload/download/2011102023233369053.pdf), generated with kicad-footprint-generator")
    (tags "resistor handsolder")
    (path /5F595115/5F6B6735)
    (attr smd)
    (fp_text reference R6 (at 0 -1.43) (layer F.SilkS)
      (effects (font (size 1 1) (thickness 0.15)))
    )
    (fp_text value R (at 0 1.43) (layer F.Fab)
      (effects (font (size 1 1) (thickness 0.15)))
    )
    (fp_text user %R (at 0 0) (layer F.Fab)
      (effects (font (size 0.4 0.4) (thickness 0.06)))
    )
    (fp_line (start 1.65 0.73) (end -1.65 0.73) (layer F.CrtYd) (width 0.05))
    (fp_line (start 1.65 -0.73) (end 1.65 0.73) (layer F.CrtYd) (width 0.05))
    (fp_line (start -1.65 -0.73) (end 1.65 -0.73) (layer F.CrtYd) (width 0.05))
    (fp_line (start -1.65 0.73) (end -1.65 -0.73) (layer F.CrtYd) (width 0.05))
    (fp_line (start -0.171267 0.51) (end 0.171267 0.51) (layer F.SilkS) (width 0.12))
    (fp_line (start -0.171267 -0.51) (end 0.171267 -0.51) (layer F.SilkS) (width 0.12))
    (fp_line (start 0.8 0.4) (end -0.8 0.4) (layer F.Fab) (width 0.1))
    (fp_line (start 0.8 -0.4) (end 0.8 0.4) (layer F.Fab) (width 0.1))
    (fp_line (start -0.8 -0.4) (end 0.8 -0.4) (layer F.Fab) (width 0.1))
    (fp_line (start -0.8 0.4) (end -0.8 -0.4) (layer F.Fab) (width 0.1))
    (pad 2 smd roundrect (at 0.875 0) (size 1.05 0.95) (layers F.Cu F.Paste F.Mask) (roundrect_rratio 0.25)
      (net 193 /soundbox/MON_CLK))
    (pad 1 smd roundrect (at -0.875 0) (size 1.05 0.95) (layers F.Cu F.Paste F.Mask) (roundrect_rratio 0.25)
      (net 194 "Net-(R6-Pad1)"))
    (model ${KISYS3DMOD}/Resistor_SMD.3dshapes/R_0603_1608Metric.wrl
      (at (xyz 0 0 0))
      (scale (xyz 1 1 1))
      (rotate (xyz 0 0 0))
    )
  )

  (module Resistor_SMD:R_0603_1608Metric_Pad1.05x0.95mm_HandSolder (layer F.Cu) (tedit 5B301BBD) (tstamp 5F1D9538)
    (at 113.7103 55.1124 90)
    (descr "Resistor SMD 0603 (1608 Metric), square (rectangular) end terminal, IPC_7351 nominal with elongated pad for handsoldering. (Body size source: http://www.tortai-tech.com/upload/download/2011102023233369053.pdf), generated with kicad-footprint-generator")
    (tags "resistor handsolder")
    (path /54FF6758/5686A65C)
    (attr smd)
    (fp_text reference R46 (at 0 -1.43 90) (layer F.SilkS)
      (effects (font (size 1 1) (thickness 0.15)))
    )
    (fp_text value 4.7k (at 0 1.43 90) (layer F.Fab)
      (effects (font (size 1 1) (thickness 0.15)))
    )
    (fp_text user %R (at 0 0 90) (layer F.Fab)
      (effects (font (size 0.4 0.4) (thickness 0.06)))
    )
    (fp_line (start 1.65 0.73) (end -1.65 0.73) (layer F.CrtYd) (width 0.05))
    (fp_line (start 1.65 -0.73) (end 1.65 0.73) (layer F.CrtYd) (width 0.05))
    (fp_line (start -1.65 -0.73) (end 1.65 -0.73) (layer F.CrtYd) (width 0.05))
    (fp_line (start -1.65 0.73) (end -1.65 -0.73) (layer F.CrtYd) (width 0.05))
    (fp_line (start -0.171267 0.51) (end 0.171267 0.51) (layer F.SilkS) (width 0.12))
    (fp_line (start -0.171267 -0.51) (end 0.171267 -0.51) (layer F.SilkS) (width 0.12))
    (fp_line (start 0.8 0.4) (end -0.8 0.4) (layer F.Fab) (width 0.1))
    (fp_line (start 0.8 -0.4) (end 0.8 0.4) (layer F.Fab) (width 0.1))
    (fp_line (start -0.8 -0.4) (end 0.8 -0.4) (layer F.Fab) (width 0.1))
    (fp_line (start -0.8 0.4) (end -0.8 -0.4) (layer F.Fab) (width 0.1))
    (pad 2 smd roundrect (at 0.875 0 90) (size 1.05 0.95) (layers F.Cu F.Paste F.Mask) (roundrect_rratio 0.25)
      (net 36 /hdmitx1/DDC_SCL))
    (pad 1 smd roundrect (at -0.875 0 90) (size 1.05 0.95) (layers F.Cu F.Paste F.Mask) (roundrect_rratio 0.25)
      (net 145 /hdmitx1/5V_FUSED))
    (model ${KISYS3DMOD}/Resistor_SMD.3dshapes/R_0603_1608Metric.wrl
      (at (xyz 0 0 0))
      (scale (xyz 1 1 1))
      (rotate (xyz 0 0 0))
    )
  )

  (module Resistor_SMD:R_0603_1608Metric_Pad1.05x0.95mm_HandSolder (layer F.Cu) (tedit 5B301BBD) (tstamp 5F1D9559)
    (at 115.4703 55.1124 90)
    (descr "Resistor SMD 0603 (1608 Metric), square (rectangular) end terminal, IPC_7351 nominal with elongated pad for handsoldering. (Body size source: http://www.tortai-tech.com/upload/download/2011102023233369053.pdf), generated with kicad-footprint-generator")
    (tags "resistor handsolder")
    (path /54FF6758/5686A73A)
    (attr smd)
    (fp_text reference R45 (at 0 -1.43 90) (layer F.SilkS)
      (effects (font (size 1 1) (thickness 0.15)))
    )
    (fp_text value 4.7k (at 0 1.43 90) (layer F.Fab)
      (effects (font (size 1 1) (thickness 0.15)))
    )
    (fp_text user %R (at 0 0 90) (layer F.Fab)
      (effects (font (size 0.4 0.4) (thickness 0.06)))
    )
    (fp_line (start 1.65 0.73) (end -1.65 0.73) (layer F.CrtYd) (width 0.05))
    (fp_line (start 1.65 -0.73) (end 1.65 0.73) (layer F.CrtYd) (width 0.05))
    (fp_line (start -1.65 -0.73) (end 1.65 -0.73) (layer F.CrtYd) (width 0.05))
    (fp_line (start -1.65 0.73) (end -1.65 -0.73) (layer F.CrtYd) (width 0.05))
    (fp_line (start -0.171267 0.51) (end 0.171267 0.51) (layer F.SilkS) (width 0.12))
    (fp_line (start -0.171267 -0.51) (end 0.171267 -0.51) (layer F.SilkS) (width 0.12))
    (fp_line (start 0.8 0.4) (end -0.8 0.4) (layer F.Fab) (width 0.1))
    (fp_line (start 0.8 -0.4) (end 0.8 0.4) (layer F.Fab) (width 0.1))
    (fp_line (start -0.8 -0.4) (end 0.8 -0.4) (layer F.Fab) (width 0.1))
    (fp_line (start -0.8 0.4) (end -0.8 -0.4) (layer F.Fab) (width 0.1))
    (pad 2 smd roundrect (at 0.875 0 90) (size 1.05 0.95) (layers F.Cu F.Paste F.Mask) (roundrect_rratio 0.25)
      (net 37 /hdmitx1/DDC_SDA))
    (pad 1 smd roundrect (at -0.875 0 90) (size 1.05 0.95) (layers F.Cu F.Paste F.Mask) (roundrect_rratio 0.25)
      (net 145 /hdmitx1/5V_FUSED))
    (model ${KISYS3DMOD}/Resistor_SMD.3dshapes/R_0603_1608Metric.wrl
      (at (xyz 0 0 0))
      (scale (xyz 1 1 1))
      (rotate (xyz 0 0 0))
    )
  )

  (module Resistor_SMD:R_0603_1608Metric_Pad1.05x0.95mm_HandSolder (layer B.Cu) (tedit 5B301BBD) (tstamp 5F1D95BC)
    (at 114.9985 23.3426 270)
    (descr "Resistor SMD 0603 (1608 Metric), square (rectangular) end terminal, IPC_7351 nominal with elongated pad for handsoldering. (Body size source: http://www.tortai-tech.com/upload/download/2011102023233369053.pdf), generated with kicad-footprint-generator")
    (tags "resistor handsolder")
    (path /54FE3A8C/55EF3A70)
    (attr smd)
    (fp_text reference R42 (at 0 1.43 90) (layer B.SilkS)
      (effects (font (size 1 1) (thickness 0.15)) (justify mirror))
    )
    (fp_text value 10k (at 0 -1.43 90) (layer B.Fab)
      (effects (font (size 1 1) (thickness 0.15)) (justify mirror))
    )
    (fp_text user %R (at 0 0 90) (layer B.Fab)
      (effects (font (size 0.4 0.4) (thickness 0.06)) (justify mirror))
    )
    (fp_line (start 1.65 -0.73) (end -1.65 -0.73) (layer B.CrtYd) (width 0.05))
    (fp_line (start 1.65 0.73) (end 1.65 -0.73) (layer B.CrtYd) (width 0.05))
    (fp_line (start -1.65 0.73) (end 1.65 0.73) (layer B.CrtYd) (width 0.05))
    (fp_line (start -1.65 -0.73) (end -1.65 0.73) (layer B.CrtYd) (width 0.05))
    (fp_line (start -0.171267 -0.51) (end 0.171267 -0.51) (layer B.SilkS) (width 0.12))
    (fp_line (start -0.171267 0.51) (end 0.171267 0.51) (layer B.SilkS) (width 0.12))
    (fp_line (start 0.8 -0.4) (end -0.8 -0.4) (layer B.Fab) (width 0.1))
    (fp_line (start 0.8 0.4) (end 0.8 -0.4) (layer B.Fab) (width 0.1))
    (fp_line (start -0.8 0.4) (end 0.8 0.4) (layer B.Fab) (width 0.1))
    (fp_line (start -0.8 -0.4) (end -0.8 0.4) (layer B.Fab) (width 0.1))
    (pad 2 smd roundrect (at 0.875 0 270) (size 1.05 0.95) (layers B.Cu B.Paste B.Mask) (roundrect_rratio 0.25)
      (net 40 /hdmitx1/DVDD3V3))
    (pad 1 smd roundrect (at -0.875 0 270) (size 1.05 0.95) (layers B.Cu B.Paste B.Mask) (roundrect_rratio 0.25)
      (net 136 /fpga1/BTN0))
    (model ${KISYS3DMOD}/Resistor_SMD.3dshapes/R_0603_1608Metric.wrl
      (at (xyz 0 0 0))
      (scale (xyz 1 1 1))
      (rotate (xyz 0 0 0))
    )
  )

  (module Resistor_SMD:R_0603_1608Metric_Pad1.05x0.95mm_HandSolder (layer B.Cu) (tedit 5B301BBD) (tstamp 5F1D959B)
    (at 111.0158 37.3888 90)
    (descr "Resistor SMD 0603 (1608 Metric), square (rectangular) end terminal, IPC_7351 nominal with elongated pad for handsoldering. (Body size source: http://www.tortai-tech.com/upload/download/2011102023233369053.pdf), generated with kicad-footprint-generator")
    (tags "resistor handsolder")
    (path /54FF6758/5653050C)
    (attr smd)
    (fp_text reference R41 (at 0 1.43 90) (layer B.SilkS)
      (effects (font (size 1 1) (thickness 0.15)) (justify mirror))
    )
    (fp_text value 4.7k (at 0 -1.43 90) (layer B.Fab)
      (effects (font (size 1 1) (thickness 0.15)) (justify mirror))
    )
    (fp_text user %R (at 0 0 90) (layer B.Fab)
      (effects (font (size 0.4 0.4) (thickness 0.06)) (justify mirror))
    )
    (fp_line (start 1.65 -0.73) (end -1.65 -0.73) (layer B.CrtYd) (width 0.05))
    (fp_line (start 1.65 0.73) (end 1.65 -0.73) (layer B.CrtYd) (width 0.05))
    (fp_line (start -1.65 0.73) (end 1.65 0.73) (layer B.CrtYd) (width 0.05))
    (fp_line (start -1.65 -0.73) (end -1.65 0.73) (layer B.CrtYd) (width 0.05))
    (fp_line (start -0.171267 -0.51) (end 0.171267 -0.51) (layer B.SilkS) (width 0.12))
    (fp_line (start -0.171267 0.51) (end 0.171267 0.51) (layer B.SilkS) (width 0.12))
    (fp_line (start 0.8 -0.4) (end -0.8 -0.4) (layer B.Fab) (width 0.1))
    (fp_line (start 0.8 0.4) (end 0.8 -0.4) (layer B.Fab) (width 0.1))
    (fp_line (start -0.8 0.4) (end 0.8 0.4) (layer B.Fab) (width 0.1))
    (fp_line (start -0.8 -0.4) (end -0.8 0.4) (layer B.Fab) (width 0.1))
    (pad 2 smd roundrect (at 0.875 0 90) (size 1.05 0.95) (layers B.Cu B.Paste B.Mask) (roundrect_rratio 0.25)
      (net 88 GND))
    (pad 1 smd roundrect (at -0.875 0 90) (size 1.05 0.95) (layers B.Cu B.Paste B.Mask) (roundrect_rratio 0.25)
      (net 49 /hdmitx1/HPD))
    (model ${KISYS3DMOD}/Resistor_SMD.3dshapes/R_0603_1608Metric.wrl
      (at (xyz 0 0 0))
      (scale (xyz 1 1 1))
      (rotate (xyz 0 0 0))
    )
  )

  (module Resistor_SMD:R_0603_1608Metric_Pad1.05x0.95mm_HandSolder (layer B.Cu) (tedit 5B301BBD) (tstamp 5F1E8D62)
    (at 120.5865 28.9179 180)
    (descr "Resistor SMD 0603 (1608 Metric), square (rectangular) end terminal, IPC_7351 nominal with elongated pad for handsoldering. (Body size source: http://www.tortai-tech.com/upload/download/2011102023233369053.pdf), generated with kicad-footprint-generator")
    (tags "resistor handsolder")
    (path /54FE3A8C/550764C7)
    (attr smd)
    (fp_text reference R35 (at 0 1.43) (layer B.SilkS)
      (effects (font (size 1 1) (thickness 0.15)) (justify mirror))
    )
    (fp_text value 1k (at 0 -1.43) (layer B.Fab)
      (effects (font (size 1 1) (thickness 0.15)) (justify mirror))
    )
    (fp_text user %R (at 0 0) (layer B.Fab)
      (effects (font (size 0.4 0.4) (thickness 0.06)) (justify mirror))
    )
    (fp_line (start 1.65 -0.73) (end -1.65 -0.73) (layer B.CrtYd) (width 0.05))
    (fp_line (start 1.65 0.73) (end 1.65 -0.73) (layer B.CrtYd) (width 0.05))
    (fp_line (start -1.65 0.73) (end 1.65 0.73) (layer B.CrtYd) (width 0.05))
    (fp_line (start -1.65 -0.73) (end -1.65 0.73) (layer B.CrtYd) (width 0.05))
    (fp_line (start -0.171267 -0.51) (end 0.171267 -0.51) (layer B.SilkS) (width 0.12))
    (fp_line (start -0.171267 0.51) (end 0.171267 0.51) (layer B.SilkS) (width 0.12))
    (fp_line (start 0.8 -0.4) (end -0.8 -0.4) (layer B.Fab) (width 0.1))
    (fp_line (start 0.8 0.4) (end 0.8 -0.4) (layer B.Fab) (width 0.1))
    (fp_line (start -0.8 0.4) (end 0.8 0.4) (layer B.Fab) (width 0.1))
    (fp_line (start -0.8 -0.4) (end -0.8 0.4) (layer B.Fab) (width 0.1))
    (pad 2 smd roundrect (at 0.875 0 180) (size 1.05 0.95) (layers B.Cu B.Paste B.Mask) (roundrect_rratio 0.25)
      (net 175 /fpga1/SPDIF_OUT))
    (pad 1 smd roundrect (at -0.875 0 180) (size 1.05 0.95) (layers B.Cu B.Paste B.Mask) (roundrect_rratio 0.25)
      (net 118 "Net-(D1-Pad1)"))
    (model ${KISYS3DMOD}/Resistor_SMD.3dshapes/R_0603_1608Metric.wrl
      (at (xyz 0 0 0))
      (scale (xyz 1 1 1))
      (rotate (xyz 0 0 0))
    )
  )

  (module Resistor_SMD:R_0603_1608Metric_Pad1.05x0.95mm_HandSolder (layer B.Cu) (tedit 5B301BBD) (tstamp 5F1D9640)
    (at 110.1598 40.1701)
    (descr "Resistor SMD 0603 (1608 Metric), square (rectangular) end terminal, IPC_7351 nominal with elongated pad for handsoldering. (Body size source: http://www.tortai-tech.com/upload/download/2011102023233369053.pdf), generated with kicad-footprint-generator")
    (tags "resistor handsolder")
    (path /54FF6758/5501F59F)
    (attr smd)
    (fp_text reference R26 (at 0 1.43) (layer B.SilkS)
      (effects (font (size 1 1) (thickness 0.15)) (justify mirror))
    )
    (fp_text value 1k (at 0 -1.43) (layer B.Fab)
      (effects (font (size 1 1) (thickness 0.15)) (justify mirror))
    )
    (fp_text user %R (at 0 0) (layer B.Fab)
      (effects (font (size 0.4 0.4) (thickness 0.06)) (justify mirror))
    )
    (fp_line (start 1.65 -0.73) (end -1.65 -0.73) (layer B.CrtYd) (width 0.05))
    (fp_line (start 1.65 0.73) (end 1.65 -0.73) (layer B.CrtYd) (width 0.05))
    (fp_line (start -1.65 0.73) (end 1.65 0.73) (layer B.CrtYd) (width 0.05))
    (fp_line (start -1.65 -0.73) (end -1.65 0.73) (layer B.CrtYd) (width 0.05))
    (fp_line (start -0.171267 -0.51) (end 0.171267 -0.51) (layer B.SilkS) (width 0.12))
    (fp_line (start -0.171267 0.51) (end 0.171267 0.51) (layer B.SilkS) (width 0.12))
    (fp_line (start 0.8 -0.4) (end -0.8 -0.4) (layer B.Fab) (width 0.1))
    (fp_line (start 0.8 0.4) (end 0.8 -0.4) (layer B.Fab) (width 0.1))
    (fp_line (start -0.8 0.4) (end 0.8 0.4) (layer B.Fab) (width 0.1))
    (fp_line (start -0.8 -0.4) (end -0.8 0.4) (layer B.Fab) (width 0.1))
    (pad 2 smd roundrect (at 0.875 0) (size 1.05 0.95) (layers B.Cu B.Paste B.Mask) (roundrect_rratio 0.25)
      (net 88 GND))
    (pad 1 smd roundrect (at -0.875 0) (size 1.05 0.95) (layers B.Cu B.Paste B.Mask) (roundrect_rratio 0.25)
      (net 110 "Net-(R26-Pad1)"))
    (model ${KISYS3DMOD}/Resistor_SMD.3dshapes/R_0603_1608Metric.wrl
      (at (xyz 0 0 0))
      (scale (xyz 1 1 1))
      (rotate (xyz 0 0 0))
    )
  )

  (module Resistor_SMD:R_0603_1608Metric_Pad1.05x0.95mm_HandSolder (layer F.Cu) (tedit 5B301BBD) (tstamp 5F1D9661)
    (at 112.2988 55.9356 270)
    (descr "Resistor SMD 0603 (1608 Metric), square (rectangular) end terminal, IPC_7351 nominal with elongated pad for handsoldering. (Body size source: http://www.tortai-tech.com/upload/download/2011102023233369053.pdf), generated with kicad-footprint-generator")
    (tags "resistor handsolder")
    (path /54FF6758/5501F53D)
    (attr smd)
    (fp_text reference R25 (at 0 -1.43 90) (layer F.SilkS)
      (effects (font (size 1 1) (thickness 0.15)))
    )
    (fp_text value 698 (at 0 1.43 90) (layer F.Fab)
      (effects (font (size 1 1) (thickness 0.15)))
    )
    (fp_text user %R (at 0 0 90) (layer F.Fab)
      (effects (font (size 0.4 0.4) (thickness 0.06)))
    )
    (fp_line (start 1.65 0.73) (end -1.65 0.73) (layer F.CrtYd) (width 0.05))
    (fp_line (start 1.65 -0.73) (end 1.65 0.73) (layer F.CrtYd) (width 0.05))
    (fp_line (start -1.65 -0.73) (end 1.65 -0.73) (layer F.CrtYd) (width 0.05))
    (fp_line (start -1.65 0.73) (end -1.65 -0.73) (layer F.CrtYd) (width 0.05))
    (fp_line (start -0.171267 0.51) (end 0.171267 0.51) (layer F.SilkS) (width 0.12))
    (fp_line (start -0.171267 -0.51) (end 0.171267 -0.51) (layer F.SilkS) (width 0.12))
    (fp_line (start 0.8 0.4) (end -0.8 0.4) (layer F.Fab) (width 0.1))
    (fp_line (start 0.8 -0.4) (end 0.8 0.4) (layer F.Fab) (width 0.1))
    (fp_line (start -0.8 -0.4) (end 0.8 -0.4) (layer F.Fab) (width 0.1))
    (fp_line (start -0.8 0.4) (end -0.8 -0.4) (layer F.Fab) (width 0.1))
    (pad 2 smd roundrect (at 0.875 0 270) (size 1.05 0.95) (layers F.Cu F.Paste F.Mask) (roundrect_rratio 0.25)
      (net 26 /hdmitx1/AVCC1V8))
    (pad 1 smd roundrect (at -0.875 0 270) (size 1.05 0.95) (layers F.Cu F.Paste F.Mask) (roundrect_rratio 0.25)
      (net 109 "Net-(R25-Pad1)"))
    (model ${KISYS3DMOD}/Resistor_SMD.3dshapes/R_0603_1608Metric.wrl
      (at (xyz 0 0 0))
      (scale (xyz 1 1 1))
      (rotate (xyz 0 0 0))
    )
  )

  (module Resistor_SMD:R_0603_1608Metric_Pad1.05x0.95mm_HandSolder (layer B.Cu) (tedit 5B301BBD) (tstamp 5F1FC036)
    (at 98.1964 29.718 90)
    (descr "Resistor SMD 0603 (1608 Metric), square (rectangular) end terminal, IPC_7351 nominal with elongated pad for handsoldering. (Body size source: http://www.tortai-tech.com/upload/download/2011102023233369053.pdf), generated with kicad-footprint-generator")
    (tags "resistor handsolder")
    (path /54FE3A8C/54FE2FF9)
    (attr smd)
    (fp_text reference R24 (at 0 1.43 90) (layer B.SilkS)
      (effects (font (size 1 1) (thickness 0.15)) (justify mirror))
    )
    (fp_text value 4.7k (at 0 -1.43 90) (layer B.Fab)
